123	41.62952	2.249985	13.8385555555556	47.26
322	41.62954	2.25000666666667	14.3838666666667	39.95
496	41.6295633333333	2.250025	14.3838666666667	39.95
617	41.62959	2.25004	14.7234	24.37
797	41.629615	2.25005	14.6205111111111	16.71
996	41.6296416666667	2.25005666666667	14.3581444444444	8.97
1196	41.6296666666667	2.25005666666667	13.9260111111111	1.77
1396	41.6296916666667	2.250055	13.4012777777778	-4.83999999999998
1588	41.6297133333333	2.25004833333333	12.6604777777778	-11.03
1787	41.629735	2.25004	12.0688666666667	-14.96
1986	41.6297533333333	2.25003166666667	11.5647111111111	-17.91
2187	41.6297716666667	2.25002333333333	11.1994555555556	-19.41
2387	41.6297883333333	2.25001333333333	10.9319444444444	-21.37
2585	41.629805	2.25000333333333	10.6438555555556	-23.4
2762	41.62982	2.24999333333333	10.2631666666667	-24.92
2964	41.6298366666667	2.24998166666667	9.62525555555555	-26.13
3163	41.6298533333333	2.24997166666667	9.06965555555555	-28.25
3364	41.6298666666667	2.24996166666667	8.7507	-32.51
3614	41.62988	2.24995	8.5655	-37.74
3815	41.6298933333333	2.24993833333333	8.46775555555556	-42.55
4015	41.6299033333333	2.249925	8.3803	-47.36
4214	41.6299133333333	2.24991	8.40602222222222	-56.03
4412	41.6299233333333	2.24989333333333	8.41116666666667	-63.83
4815	41.6299333333333	2.249855	8.21053333333333	-82.79
5013	41.629935	2.249835	8.07677777777778	-91.77
5214	41.629935	2.24981666666667	7.88643333333333	-99.09
5413	41.6299333333333	2.24979833333333	7.85042222222222	-107.2
5613	41.6299283333333	2.24978	8.13336666666667	-115
5815	41.6299216666667	2.24976166666667	8.71983333333333	-123.03
6013	41.6299133333333	2.249745	9.59953333333333	-132.87
6214	41.6299016666667	2.24972833333333	10.3763444444444	-141.04
6413	41.6298883333333	2.24971166666667	10.4020666666667	-151.4
6613	41.6298716666667	2.2497	10.6438555555556	-156.25
6816	41.6298533333333	2.24969	11.0811333333333	-162.22
7013	41.629835	2.24968166666667	11.3126333333333	-167.87
7211	41.629815	2.249675	11.3332111111111	-172.03
7412	41.629795	2.24967166666667	11.3280666666667	-175.85
7612	41.6297733333333	2.24967	11.3126333333333	-179.67
7813	41.629755	2.24967	11.2869111111111	177
8011	41.629735	2.24967166666667	11.2972	173.2
8210	41.629715	2.249675	11.2972	169.51
8411	41.6296966666667	2.24968	11.3126333333333	165.8
8611	41.6296783333333	2.24968666666667	11.4772555555556	162.16
8812	41.6296583333333	2.24969666666667	11.7447666666667	158.57
9011	41.6296383333333	2.24970666666667	11.9402555555556	155.41
9211	41.6296183333333	2.24972	12.2695	152.25
9411	41.6295983333333	2.249735	12.5524444444444	149.67
9611	41.6295783333333	2.24975	12.8714	146.7
9811	41.62956	2.24976666666667	13.1852111111111	144.07
10012	41.6295433333333	2.24978333333333	12.8199555555556	141.62
10212	41.6295266666667	2.24980166666667	12.8251	139.53
10410	41.6295116666667	2.24982166666667	13.0566	136.7
10612	41.6294966666667	2.24984333333333	13.2623777777778	135.36
10811	41.62948	2.249865	13.5247444444444	135.54
11010	41.6294616666667	2.24988666666667	13.5196	137.01
11210	41.6294433333333	2.249905	12.9022666666667	141.33
11410	41.6294233333333	2.24992166666667	12.4495555555556	147.62
11610	41.6294016666667	2.24993333333333	12.1408888888889	156.25
11810	41.62938	2.24994333333333	11.9762666666667	161.31
12010	41.6293583333333	2.24995	11.7344777777778	167.4
12210	41.6293366666667	2.249955	11.7087555555556	171.54
12410	41.6293166666667	2.24995833333333	11.4824	173.59
12610	41.6292966666667	2.24996	10.9885333333333	174.39
12809	41.6292766666667	2.24996333333333	10.6541444444444	173.2
13009	41.6292583333333	2.24996666666667	10.1757111111111	171.41
13211	41.62924	2.24997	9.69727777777778	168.71
13409	41.6292233333333	2.249975	9.30115555555556	161.82
13609	41.6292066666667	2.24998166666667	9.06965555555555	155.95
13810	41.6291916666667	2.24999	9.06451111111111	151.9
14010	41.6291783333333	2.25000166666667	9.05936666666667	149.73
14210	41.6291633333333	2.25001166666667	9.50178888888889	148.81
14409	41.6291483333333	2.25002333333333	9.85161111111111	148.95
14608	41.6291333333333	2.25003666666667	9.96478888888889	149.58
14810	41.6291183333333	2.25004833333333	9.94421111111111	150.77
15010	41.6291033333333	2.25006	9.96478888888889	152.28
15210	41.6290866666667	2.25007	9.97507777777778	154.95
15408	41.62907	2.25008166666667	10.1808555555556	157.16
15608	41.6290533333333	2.25009	10.4998111111111	158.46
15808	41.6290366666667	2.2501	10.6747222222222	160.13
16008	41.6290183333333	2.25010833333333	10.8650666666667	161.9
16208	41.629	2.25011666666667	11.0554111111111	163.33
16408	41.62898	2.25012333333333	11.6367333333333	163.95
16607	41.62896	2.25013166666667	11.9814111111111	164.59
16809	41.6289383333333	2.25014	12.0945888888889	165.18
17009	41.6289183333333	2.25014833333333	12.0791555555556	165.16
17208	41.6288966666667	2.25015666666667	12.0843	164.92
17408	41.628875	2.250165	12.0894444444444	164.17
17609	41.6288533333333	2.25017333333333	11.9968444444444	163.21
17809	41.6288333333333	2.25018333333333	11.8579444444444	161.82
18008	41.6288116666667	2.25019333333333	11.6058666666667	160.61
18208	41.6287916666667	2.25020333333333	11.3280666666667	159.21
18406	41.6287716666667	2.25021333333333	11.0296888888889	157.51
18606	41.6287516666667	2.250225	11.1531555555556	155.79
18808	41.6287333333333	2.25023666666667	11.3486444444444	154.78
19005	41.6287133333333	2.25025	11.4978333333333	153.73
19206	41.6286933333333	2.25026166666667	11.6624555555556	152.76
19407	41.6286733333333	2.250275	11.6624555555556	151.97
19606	41.6286566666667	2.25028833333333	11.575	151.26
19807	41.6286383333333	2.25030166666667	11.5647111111111	150.25
20006	41.62862	2.25031666666667	11.5647111111111	149.24
20206	41.6286016666667	2.25033166666667	11.5544222222222	147.8
20406	41.628585	2.25034666666667	11.6778888888889	146.44
20606	41.6285666666667	2.25036333333333	11.8013555555556	144.69
20806	41.6285483333333	2.25038	11.9299666666667	143.68
21004	41.6285316666667	2.25039833333333	11.9556888888889	143.85
21205	41.6285133333333	2.250415	12.1048777777778	144.13
21406	41.6284966666667	2.25043166666667	12.1357444444444	144.88
21605	41.62848	2.25044833333333	12.2232	145.6
21806	41.6284633333333	2.25046333333333	12.2283444444444	146.08
22006	41.6284466666667	2.25047833333333	12.2232	146.57
22205	41.62843	2.25049333333333	12.1923333333333	146.98
22404	41.6284116666667	2.25051	12.1563222222222	147.57
22604	41.6283933333333	2.250525	12.1357444444444	148.94
22805	41.628375	2.25053833333333	11.8579444444444	149.98
23003	41.628355	2.25055166666667	11.6058666666667	150.85
23205	41.6283366666667	2.250565	11.4772555555556	151.52
23405	41.6283166666667	2.25057833333333	11.4412444444444	151.78
23604	41.6283	2.25059166666667	11.4361	152.08
23805	41.6282833333333	2.25060333333333	11.4000888888889	152.24
24004	41.6282666666667	2.25061666666667	11.2972	152.36
24204	41.62825	2.25062833333333	11.3023444444444	152.57
24403	41.6282333333333	2.25064	11.2869111111111	152.95
24604	41.628215	2.25065166666667	11.3074888888889	153.68
24804	41.6281983333333	2.25066333333333	11.3435	154.59
25004	41.62818	2.250675	11.3846555555556	155.38
25204	41.6281616666667	2.25068666666667	11.4721111111111	156.03
25403	41.6281416666667	2.25069833333333	11.5132666666667	156.3
25603	41.6281216666667	2.25071	11.7602	157.47
25805	41.6281	2.25072	12.0843	157.92
26004	41.6280783333333	2.25073166666667	12.3466666666667	158.41
26204	41.6280566666667	2.25074333333333	12.4598444444444	159.16
26403	41.628035	2.25075333333333	12.5473	160.61
26604	41.6280133333333	2.25076333333333	12.6347555555556	162.44
26803	41.62799	2.25077333333333	12.5215777777778	164.11
27003	41.6279683333333	2.25078	12.5112888888889	165.7
27202	41.627945	2.25078666666667	12.5473	166.88
27402	41.6279233333333	2.250795	12.5627333333333	167.91
27602	41.6279	2.2508	12.4804222222222	169.12
27804	41.6278783333333	2.250805	12.4907111111111	170.08
28005	41.627855	2.25081	12.5112888888889	170.89
28202	41.6278316666667	2.250815	12.4804222222222	171.48
28401	41.62781	2.25082	12.3209444444444	171.71
28601	41.6277866666667	2.25082333333333	12.2129111111111	172.39
28803	41.627765	2.25082666666667	12.1820444444444	173.24
29002	41.627745	2.25083	12.1563222222222	174.35
29201	41.6277233333333	2.25083166666667	12.1357444444444	176.11
29401	41.6277016666667	2.25083333333333	11.8733777777778	178.98
29583	41.6276816666667	2.25083333333333	11.5235555555556	-178.83
29765	41.6276616666667	2.25083166666667	11.2611888888889	-176.21
29963	41.6276616666667	2.25083166666667	11.2611888888889	-176.21
30138	41.6276616666667	2.25083166666667	11.2611888888889	-176.21
30305	41.6275866666667	2.25081833333333	10.4843777777778	-168.73
30506	41.6275683333333	2.25081333333333	10.4020666666667	-166.79
30814	41.6275683333333	2.25081333333333	10.4020666666667	-166.79
31553	41.62748	2.25078333333333	10.0368111111111	-167.25
31753	41.6274633333333	2.25078	10.0573888888889	-170.02
31932	41.627445	2.250775	10.2528777777778	-171.38
32132	41.6274266666667	2.25077333333333	10.3454777777778	-172.09
32332	41.62741	2.25076833333333	10.3712	-173.06
32533	41.6273916666667	2.25076666666667	10.2220111111111	-175.06
32731	41.62737	2.25076666666667	10.9165111111111	178.58
32932	41.6273483333333	2.25077	11.112	174.86
33115	41.6273283333333	2.25077333333333	11.4206666666667	172.27
33511	41.6272716666667	2.25078	11.4566777777778	172.27
33809	41.6271833333333	2.250785	11.1840222222222	172.59
33942	41.6272316666667	2.25078666666667	10.9731	174.54
34140	41.6272116666667	2.25078666666667	10.8239111111111	176.09
34321	41.6271916666667	2.25078666666667	10.8444888888889	177.87
34520	41.6271733333333	2.25078666666667	10.8599222222222	179.88
34686	41.6271533333333	2.250785	10.8496333333333	-178.75
34877	41.627135	2.25078333333333	10.7107333333333	-178.97
35077	41.6271183333333	2.25078333333333	10.3043222222222	179.87
35278	41.6271016666667	2.25078333333333	10.1448444444444	177.4
35478	41.6270833333333	2.25078333333333	10.1448444444444	175.31
35677	41.627065	2.25078666666667	10.1345555555556	173.7
35876	41.6270466666667	2.25078833333333	10.1448444444444	171.44
36076	41.62703	2.25079333333333	10.2374444444444	169.42
36276	41.6270116666667	2.25079833333333	10.2734555555556	166.79
36475	41.6269933333333	2.250805	10.4329333333333	164.3
36676	41.6269766666667	2.25081166666667	10.5409666666667	161.93
36876	41.62696	2.25082166666667	10.6901555555556	158.96
37076	41.6269383333333	2.250835	11.6830333333333	156.25
37277	41.6269183333333	2.25084666666667	11.8476555555556	155.94
37476	41.6269	2.250855	11.6676	156.88
37676	41.6268833333333	2.250865	11.3692222222222	158.36
37876	41.626865	2.25087166666667	11.1017111111111	160.73
38076	41.6268483333333	2.25087833333333	10.7570333333333	163.37
38277	41.62683	2.25088333333333	10.5769777777778	166.11
38477	41.6268116666667	2.25088833333333	10.4843777777778	168.48
38676	41.6267933333333	2.25089166666667	10.3249	171.38
38875	41.626775	2.25089333333333	10.2220111111111	175.1
39075	41.6267566666667	2.25089333333333	10.0831111111111	-179.81
39278	41.6267383333333	2.25089166666667	9.97507777777778	-172.77
39476	41.6267216666667	2.25089	9.94421111111111	-166.59
39676	41.6267033333333	2.25088333333333	9.96478888888889	-160.71
39875	41.6266866666667	2.25087666666667	10.1911444444444	-156.1
40076	41.62667	2.25086666666667	10.4020666666667	-152.35
40276	41.6266533333333	2.250855	10.6953	-149.56
40474	41.6266366666667	2.25084166666667	10.9473777777778	-148.29
40675	41.62662	2.25082833333333	11.0914222222222	-147.92
40874	41.6266033333333	2.25081333333333	11.2097444444444	-147.88
41074	41.626585	2.2508	11.4412444444444	-147
41275	41.6265683333333	2.250785	11.6624555555556	-144.65
41473	41.6265516666667	2.25076666666667	11.9351111111111	-141.82
41674	41.626535	2.25074666666667	12.1871888888889	-139.55
41875	41.6265183333333	2.25072666666667	12.2849333333333	-137.98
42074	41.6265033333333	2.250705	12.3878222222222	-137.34
42275	41.6264866666667	2.25068333333333	12.4032555555556	-137.04
42474	41.62647	2.25066333333333	12.4238333333333	-136.67
42673	41.6264533333333	2.25064166666667	12.4547	-135.85
42873	41.62644	2.25061833333333	12.4752777777778	-134.44
43073	41.626425	2.250595	12.4804222222222	-132.96
43273	41.6264116666667	2.25057166666667	12.4855666666667	-131.2
43473	41.6263983333333	2.25054666666667	12.4804222222222	-129.45
43673	41.6263866666667	2.25052333333333	12.4649888888889	-127.46
43873	41.6263733333333	2.25049833333333	12.3672444444444	-126.31
44072	41.6263616666667	2.250475	12.2129111111111	-126
44274	41.6263483333333	2.25045	12.1151666666667	-126.34
44473	41.6263366666667	2.25042666666667	12.0225666666667	-126.39
44673	41.6263233333333	2.25040333333333	11.7087555555556	-126.18
44872	41.62631	2.25037833333333	11.7396222222222	-125.48
45073	41.6262983333333	2.25035333333333	11.7653444444444	-124.6
45273	41.6262866666667	2.25032833333333	11.6110111111111	-123.3
45473	41.626275	2.25030333333333	11.4361	-122.41
45673	41.6262633333333	2.25028	11.3332111111111	-122.51
45872	41.6262533333333	2.250255	11.3074888888889	-122.74
46071	41.6262416666667	2.25023166666667	11.1840222222222	-122.9
46273	41.6262316666667	2.25020833333333	11.1480111111111	-123
46471	41.62622	2.25018333333333	11.1171444444444	-123.14
46672	41.62621	2.25016	11.1480111111111	-122.68
46872	41.6262	2.25013666666667	11.3229222222222	-121.17
47070	41.6261883333333	2.25011166666667	11.4206666666667	-120.23
47273	41.6261783333333	2.25008666666667	11.5235555555556	-118.61
47473	41.62617	2.25006	11.5338444444444	-115.34
47672	41.6261633333333	2.25003333333333	11.5647111111111	-111.14
47871	41.6261566666667	2.25000666666667	11.6624555555556	-106.93
48071	41.6261533333333	2.24997833333333	11.7499111111111	-102.94
48273	41.6261516666667	2.24994833333333	11.9351111111111	-98.21
48472	41.6261516666667	2.24991833333333	12.1614666666667	-92.71
48671	41.6261533333333	2.24988666666667	12.4649888888889	-87.4
48871	41.6261566666667	2.249855	12.8251	-83.21
49069	41.6261616666667	2.24982333333333	13.2263666666667	-79.94
49272	41.6261666666667	2.24979	13.8642777777778	-73.95
49471	41.626175	2.24975666666667	14.4764666666667	-69.61
49670	41.626185	2.24972333333333	14.9240333333333	-66.01
49871	41.6261966666667	2.24969	15.1195222222222	-63.95
50071	41.62621	2.249655	15.5310777777778	-60.6
50272	41.6262266666667	2.24962166666667	16.1381222222222	-56.01
50470	41.626245	2.24959	16.5136666666667	-52.22
50670	41.626265	2.24956	17.0692666666667	-48.61
50870	41.6262883333333	2.24952833333333	17.4808222222222	-45.65
51070	41.6263116666667	2.2495	17.9129555555556	-42.22
51269	41.6263383333333	2.24947166666667	18.3245111111111	-38.26
51471	41.6263666666667	2.249445	18.6743333333333	-35.2
51669	41.6263966666667	2.24942	18.8595333333333	-33.13
51869	41.6264266666667	2.249395	19.2093555555556	-29.82
52070	41.6264583333333	2.24937333333333	19.4768666666667	-26.32
52268	41.62649	2.24935166666667	19.6054777777778	-23.59
52469	41.6265233333333	2.249335	19.6260555555556	-20.93
52668	41.6265583333333	2.24931833333333	19.7546666666667	-18.06
52868	41.6265933333333	2.249305	19.7443777777778	-15.05
53068	41.6266283333333	2.249295	19.7238	-11.66
53269	41.6266616666667	2.24928833333333	19.4408555555556	-7.94
53467	41.6266983333333	2.249285	19.4768666666667	-4.32999999999998
53668	41.6267333333333	2.24928333333333	19.3945555555556	-1.38999999999999
53868	41.6267683333333	2.24928666666667	19.2608	1.94
54068	41.6268016666667	2.24929	19.0756	4.85
54268	41.626835	2.249295	18.8132333333333	7.53
54467	41.6268683333333	2.24930333333333	18.6280333333333	10.09
54669	41.6269	2.24931166666667	18.4325444444444	12.25
54867	41.6269316666667	2.24932166666667	18.3348	14.29
55068	41.6269633333333	2.24933333333333	18.1547444444444	16
55265	41.6269933333333	2.24934666666667	18.0518555555556	17.81
55464	41.6270233333333	2.24936	17.9078111111111	19.4
55665	41.6270533333333	2.249375	17.7946333333333	20.69
55865	41.6270833333333	2.24939166666667	17.7586222222222	21.95
56064	41.6271133333333	2.24940833333333	17.5991444444444	22.46
56266	41.6271433333333	2.24942666666667	17.5014	23.27
56465	41.6271733333333	2.24944333333333	17.3367777777778	23.22
56666	41.6272033333333	2.24946	17.2133111111111	22.86
56867	41.6272316666667	2.24947666666667	17.0692666666667	22.39
57067	41.62726	2.24949166666667	17.0949888888889	22.4
57266	41.6272883333333	2.24950833333333	16.8995	22.04
57467	41.6273183333333	2.24952333333333	16.9097888888889	20.96
57665	41.6273466666667	2.24953833333333	16.8789222222222	20.04
57864	41.6273733333333	2.24955166666667	16.8017555555556	20.1
58063	41.6274016666667	2.249565	16.8017555555556	19.13
58265	41.62743	2.24957833333333	16.8326222222222	18.62
58465	41.6274583333333	2.24959166666667	16.8429111111111	18.47
58664	41.6274866666667	2.249605	16.8377666666667	18.53
58863	41.627515	2.24961833333333	16.8377666666667	19.24
59064	41.6275433333333	2.24963166666667	16.7297333333333	19.66
59265	41.62757	2.249645	16.6268444444444	19.92
59466	41.6275983333333	2.24965833333333	16.6114111111111	19.17
59663	41.6276266666667	2.24967166666667	16.7503111111111	18.49
59864	41.627655	2.249685	16.7863222222222	18.28
60064	41.6276833333333	2.24969666666667	16.7657444444444	17.83
60267	41.6277116666667	2.24970833333333	16.8737777777778	16.84
60464	41.6277416666667	2.24972	17.0486888888889	16.41
60664	41.62777	2.24973	16.8737777777778	15.92
60864	41.6277983333333	2.24974166666667	17.0075333333333	14.94
61065	41.6278283333333	2.24975166666667	17.0281111111111	14.86
61436	41.62792	2.24977666666667	17.1875888888889	8.9
61606	41.6279516666667	2.24978166666667	17.1618666666667	7
61803	41.6279833333333	2.24978666666667	17.1618666666667	4.11
62006	41.6280133333333	2.24978666666667	17.0589777777778	1.96
62206	41.628045	2.24978666666667	17.0692666666667	-0.920000000000016
62407	41.6280766666667	2.24978333333333	17.1875888888889	-4.37
62606	41.6281083333333	2.24978	16.9560888888889	-7.38
62806	41.6281383333333	2.24977166666667	16.8737777777778	-10.1
63008	41.6281666666667	2.24976333333333	16.8789222222222	-12.99
63207	41.628195	2.24975166666667	16.6319888888889	-15.58
63406	41.6282233333333	2.24974	16.5959777777778	-16.54
63605	41.62825	2.24972833333333	16.4519333333333	-18.22
63806	41.6282783333333	2.249715	16.2204333333333	-19.8
64005	41.6283066666667	2.2497	16.1895666666667	-22.32
64205	41.6283333333333	2.24968333333333	16.1535555555556	-24.82
64407	41.6283616666667	2.249665	16.1587	-26.81
64607	41.6283883333333	2.249645	16.1278333333333	-28.79
64805	41.628415	2.249625	16.1226888888889	-30.49
65006	41.6284416666667	2.249605	16.0918222222222	-31.85
65205	41.6284666666667	2.24958166666667	15.9940777777778	-32.95
65405	41.6284916666667	2.24955833333333	15.9683555555556	-34.98
65605	41.6285133333333	2.249535	15.9683555555556	-36.91
65805	41.6285366666667	2.24951	15.9992222222222	-39.03
66005	41.6285583333333	2.24948333333333	16.0300888888889	-41.43
66204	41.6285783333333	2.24945666666667	15.8243111111111	-43.95
66405	41.6285983333333	2.24942833333333	15.6545444444444	-48.22
66604	41.6286166666667	2.24939833333333	15.6185333333333	-52.1
66803	41.6286333333333	2.24936666666667	15.5156444444444	-56.03
67005	41.6286483333333	2.24933333333333	15.4179	-59.75
67203	41.6286616666667	2.2493	15.3767444444444	-63.3
67404	41.6286716666667	2.249265	15.3613111111111	-67.27
67604	41.62868	2.24922833333333	15.4539111111111	-70.92
67803	41.6286866666667	2.24919	15.4333333333333	-75.34
68004	41.6286916666667	2.24915333333333	15.2995777777778	-80.92
68205	41.6286933333333	2.24911666666667	15.3921777777778	-85.7
68404	41.628695	2.24908	15.2429888888889	-89.1
68602	41.6286933333333	2.24904333333333	15.0166333333333	-94.52
68801	41.6286916666667	2.24900666666667	14.8057111111111	-98.18
69004	41.6286866666667	2.24897	14.7697	-102.47
69205	41.62868	2.248935	14.6050777777778	-107.56
69403	41.62867	2.24890166666667	14.4456	-112.47
69603	41.62866	2.24887	14.1780888888889	-118.48
69802	41.628645	2.24884	14.1832333333333	-123.64
70003	41.62863	2.24881166666667	14.1832333333333	-128.25
70203	41.6286133333333	2.24878666666667	14.0083222222222	-132.72
70403	41.6285933333333	2.24876166666667	13.8539888888889	-135.73
70601	41.6285766666667	2.24873833333333	13.4835888888889	-135.92
70801	41.6285583333333	2.24871666666667	13.3189666666667	-136.71
71003	41.62854	2.24869666666667	12.8662555555556	-140.39
71201	41.6285216666667	2.24868	12.2746444444444	-145.01
71401	41.6285033333333	2.248665	11.7602	-151.02
71600	41.628485	2.248655	11.4155222222222	-156.09
71800	41.628465	2.248645	11.1634444444444	-160.33
72003	41.628445	2.24863833333333	11.1480111111111	-164.19
72201	41.628425	2.24863333333333	11.1325777777778	-168.24
72401	41.6284033333333	2.24863	11.1274333333333	-173.68
72601	41.6283833333333	2.24863	11.0914222222222	-178.85
72802	41.6283616666667	2.24863166666667	11.1222888888889	176.39
73002	41.6283416666667	2.248635	11.3898	171.53
73201	41.62832	2.24864166666667	11.6624555555556	166.15
73401	41.6283016666667	2.24865	11.8322222222222	160.07
73600	41.6282816666667	2.24866166666667	12.2643555555556	153.64
73800	41.6282633333333	2.24867666666667	12.2797888888889	148.28
74002	41.6282466666667	2.24869333333333	12.5421555555556	143.76
74201	41.62823	2.24871166666667	12.7839444444444	140.94
74401	41.628215	2.24873333333333	13.2418	136.15
74601	41.6282	2.24875666666667	13.9208666666667	130.36
74800	41.6281883333333	2.24878333333333	14.3478555555556	123.47
75003	41.6281783333333	2.24881166666667	14.5279111111111	118.11
75201	41.62817	2.24884333333333	15.2532777777778	110.99
75401	41.6281633333333	2.24887666666667	15.6545444444444	107.04
75603	41.6281566666667	2.24891333333333	15.9683555555556	105.69
75803	41.6281516666667	2.24895166666667	16.4725111111111	101.4
76000	41.6281583333333	2.24899	16.4673666666667	85.91
76198	41.6281633333333	2.24902833333333	16.3439	84.95
76397	41.62817	2.24906666666667	16.9406555555556	79.65
76597	41.6281816666667	2.249105	17.8049222222222	72.44
76800	41.6281966666667	2.24914333333333	18.2730666666667	66.77
77001	41.628215	2.24918166666667	18.5817333333333	60.77
77199	41.628235	2.24921833333333	19.1990666666667	54.98
77398	41.62826	2.24925166666667	19.8009666666667	48.84
77598	41.6282883333333	2.249285	20.4800333333333	43.1
77798	41.6283183333333	2.24931666666667	20.7784111111111	40.48
77997	41.6283483333333	2.24934666666667	21.2568444444444	36.39
78198	41.6283816666667	2.249375	21.6221	31.43
78400	41.628415	2.24939833333333	21.7404222222222	27.88
78599	41.6284516666667	2.24942	21.9462	23.49
78796	41.62849	2.24943666666667	22.1365444444444	18.79
78997	41.62853	2.24945	22.3577555555556	14.51
79195	41.62857	2.24946	22.3834777777778	10.48
79397	41.6286083333333	2.24946666666667	22.1108222222222	6.29
79597	41.6286483333333	2.24946833333333	21.8330222222222	1.87
79798	41.6286866666667	2.24946666666667	21.5706555555556	-1.73000000000002
79998	41.6287233333333	2.24946333333333	21.2465555555556	-5.63999999999999
80520	41.6288266666667	2.24943	19.5746111111111	-19.09
80720	41.6288583333333	2.24941333333333	19.0447333333333	-22.11
80922	41.62889	2.249395	18.6331777777778	-25.23
81120	41.6289183333333	2.24937333333333	18.2319111111111	-28.93
81320	41.628945	2.24935	17.5631333333333	-33.91
81519	41.6289683333333	2.249325	17.0486888888889	-38.53
81719	41.6289916666667	2.24929666666667	17.1670111111111	-41.93
81921	41.6290133333333	2.24926666666667	16.6885777777778	-46.64
82117	41.6290316666667	2.24923666666667	15.8963333333333	-49.64
82316	41.6290466666667	2.24920666666667	15.1864	-54.55
82511	41.62906	2.249175	14.6308	-59.77
82671	41.62906	2.249175	14.6308	-59.77
82699	41.6290833333333	2.249075	13.1440555555556	-77.09
82869	41.6290866666667	2.24904166666667	12.7890888888889	-83.24
83070	41.629085	2.24900666666667	12.5730222222222	-90.09
83269	41.62908	2.24897333333333	12.2849333333333	-97.52
83471	41.6290716666667	2.24894	12.1563222222222	-105.72
83669	41.6290616666667	2.24891	12.1666111111111	-112.9
83868	41.62905	2.24888166666667	12.2489222222222	-119.65
84069	41.6290366666667	2.24885666666667	12.3775333333333	-126.85
84271	41.62902	2.24883833333333	12.0894444444444	-137.79
84470	41.6290033333333	2.248825	11.3589333333333	-147.76
84670	41.6289833333333	2.24882	11.3743666666667	-166.66
84869	41.628965	2.24882	10.0625333333333	-175.43
85068	41.6289466666667	2.24881833333333	9.57895555555556	179.14
85268	41.62893	2.24881833333333	9.42976666666667	172.2
85469	41.6289133333333	2.24882166666667	9.45034444444445	165.21
85668	41.6288966666667	2.24882666666667	9.80531111111111	158.32
85870	41.62888	2.24883666666667	10.2323	151.69
86069	41.6288633333333	2.24884833333333	10.6901555555556	144.72
86270	41.6288483333333	2.24886333333333	11.2457555555556	139.33
86473	41.6288333333333	2.24888	11.9505444444444	136.37
86672	41.6288166666667	2.2489	12.5061444444444	132.65
86870	41.6288016666667	2.24892166666667	13.1440555555556	128.92
87068	41.6287866666667	2.24894666666667	14.5176222222222	121.49
87269	41.6287733333333	2.24897666666667	16.2718777777778	115.99
87472	41.6287616666667	2.24901333333333	16.8532	113.45
87667	41.6287516666667	2.24905333333333	17.6094333333333	110.19
87867	41.6287433333333	2.249095	18.1907555555556	108.03
88068	41.62874	2.24912333333333	16.2358666666667	106.05
88267	41.628735	2.24915833333333	16.1226888888889	103.78
88468	41.6287316666667	2.249195	16.3490444444444	101.67
88667	41.62873	2.24923333333333	16.5856888888889	100.98
88864	41.6287266666667	2.24927166666667	16.9097888888889	101.19
89066	41.6287216666667	2.24931166666667	17.3316333333333	101
89266	41.6287166666667	2.24935166666667	17.1978777777778	102.94
89468	41.6287116666667	2.24939166666667	16.8737777777778	105.28
89668	41.628705	2.24943	16.5754	107.65
89867	41.6286966666667	2.24946666666667	16.0763888888889	110.66
90067	41.6286866666667	2.2495	15.5568	113.78
90266	41.628675	2.249535	15.0732222222222	116.25
90468	41.6286616666667	2.249565	14.6616666666667	119.93
90666	41.6286466666667	2.249595	14.1626555555556	121.98
90866	41.6286316666667	2.24962333333333	13.9208666666667	124.42
91066	41.6286166666667	2.24965166666667	13.7150888888889	125.58
91266	41.6286033333333	2.24967833333333	13.4167111111111	126.18
91464	41.62859	2.24970333333333	13.4064222222222	126.71
91665	41.628575	2.24973	13.3138222222222	127.24
91866	41.6285616666667	2.249755	13.2829555555556	127.69
92064	41.6285483333333	2.24978	13.2572333333333	128.33
92264	41.6285333333333	2.24980666666667	13.4064222222222	130.49
92465	41.6285183333333	2.24983166666667	13.5247444444444	131.86
92665	41.6285016666667	2.24985666666667	13.5453222222222	133.46
92866	41.6284833333333	2.24988166666667	14.0494777777778	136.03
93065	41.6284683333333	2.24990666666667	14.3067	137.28
93265	41.62845	2.24993166666667	14.2861222222222	139.13
93465	41.6284316666667	2.249955	14.4044444444444	139.33
93665	41.6284116666667	2.24998	14.4353111111111	140.47
93866	41.62839	2.25000166666667	14.2604	141.13
94064	41.6283716666667	2.25002333333333	14.0957777777778	142.03
94264	41.6283516666667	2.250045	13.9054333333333	143.2
94466	41.6283316666667	2.250065	13.5813333333333	143.35
94664	41.6283133333333	2.250085	13.3189666666667	142.85
94865	41.628295	2.250105	13.3344	142.84
95064	41.6282766666667	2.25012333333333	12.9948666666667	142
95263	41.6282583333333	2.25014333333333	12.964	142.65
95463	41.62824	2.25016333333333	12.6501888888889	142.62
95663	41.6282216666667	2.25018166666667	12.4084	142.62
95862	41.6282066666667	2.25019833333333	12.1923333333333	142.27
96063	41.62819	2.250215	11.8579444444444	142.11
96264	41.628175	2.25023166666667	11.6470222222222	141.22
96464	41.62816	2.25024833333333	11.3435	139.93
96663	41.6281466666667	2.250265	11.1531555555556	138.35
96863	41.628135	2.250285	11.0245444444444	136.07
97064	41.6281216666667	2.25030333333333	11.0091111111111	134.54
97263	41.6281083333333	2.25032333333333	11.0399777777778	133.71
97463	41.628095	2.25034333333333	11.0811333333333	132.17
97663	41.6280833333333	2.25036166666667	11.0862777777778	132.41
97862	41.62807	2.25038	10.8547777777778	134.39
98063	41.6280566666667	2.25039666666667	10.3043222222222	135.94
98262	41.6280433333333	2.25041166666667	10.2837444444444	137.84
98461	41.62803	2.25042833333333	10.2528777777778	139.92
98662	41.628015	2.25044166666667	10.1294111111111	141.73
98863	41.6280016666667	2.25045666666667	9.91848888888889	143.8
99061	41.6279866666667	2.25047166666667	9.78987777777778	145.19
99262	41.6279716666667	2.250485	9.6767	146.07
99461	41.6279583333333	2.25049833333333	9.66641111111111	145.28
99661	41.6279433333333	2.25051	9.52751111111111	144.49
99861	41.62793	2.25052333333333	9.52751111111111	143.91
100061	41.627915	2.25053833333333	9.49664444444444	143.47
100260	41.6279016666667	2.25055166666667	9.3526	143.33
100462	41.6278883333333	2.250565	9.38861111111111	142.35
100660	41.627875	2.25057833333333	9.40918888888889	140.42
100862	41.6278616666667	2.25059333333333	9.41947777777778	139.82
101059	41.6278483333333	2.25060666666667	9.29601111111111	140.99
101260	41.6278366666667	2.25062166666667	9.38346666666667	141.68
101462	41.6278233333333	2.250635	9.51722222222222	142.34
101659	41.6278083333333	2.25065	9.66126666666667	144.05
101862	41.627795	2.25066333333333	9.69727777777778	145.03
102061	41.62778	2.25067666666667	9.70242222222222	147.69
102260	41.6277666666667	2.25068833333333	9.83617777777778	152.07
102462	41.62775	2.2507	10.0728222222222	158.18
102661	41.6277333333333	2.25070833333333	10.4843777777778	164.78
102861	41.627715	2.250715	10.9782444444444	169.72
103060	41.627695	2.25072	11.5029777777778	174.99
103260	41.627675	2.25072333333333	11.9402555555556	-177.9
103462	41.6276533333333	2.25072166666667	12.3312333333333	-172.51
103661	41.6276316666667	2.25071833333333	12.6296111111111	-168.31
103860	41.62761	2.25071166666667	12.8045222222222	-164.39
104060	41.6275883333333	2.25070166666667	12.6553333333333	-160.3
104260	41.6275716666667	2.25068833333333	12.3158	-154.72
104461	41.627555	2.25067166666667	11.9402555555556	-149.4
104661	41.6275383333333	2.250655	11.2817666666667	-146.22
104859	41.627525	2.25063666666667	11.1428666666667	-142.2
105059	41.6275116666667	2.25061666666667	10.9062222222222	-138.78
105259	41.6275	2.25059833333333	10.7107333333333	-135.64
105459	41.6274883333333	2.25057833333333	10.4380777777778	-132.91
105659	41.6274783333333	2.25056	10.0419555555556	-130.93
105859	41.6274666666667	2.25054166666667	9.75901111111111	-129.41
106058	41.627455	2.25052333333333	9.723	-127.66
106259	41.6274433333333	2.250505	9.8156	-126.26
106458	41.6274333333333	2.25048666666667	10.0368111111111	-124.36
106657	41.6274233333333	2.25046666666667	10.2168666666667	-123.22
106858	41.6274133333333	2.250445	10.4329333333333	-122.56
107057	41.6274033333333	2.250425	10.7107333333333	-122.2
107257	41.6273933333333	2.25040333333333	11.0142555555556	-122.2
107459	41.6273816666667	2.25038	11.2354666666667	-122.26
107657	41.6273716666667	2.25035833333333	11.2509	-121.88
107857	41.62736	2.250335	11.1377222222222	-121.8
108056	41.6273516666667	2.25031	11.2200333333333	-122.09
108258	41.6273433333333	2.25028333333333	11.2046	-121.08
108466	41.6273383333333	2.25026166666667	10.1397	-116.47
108656	41.6273383333333	2.250235	10.1397	-116.47
108863	41.62733	2.25021333333333	3.84804444444444	-79.78
109065	41.6273316666667	2.250205	3.83261111111111	-36.41
109261	41.6273366666667	2.25019833333333	5.85437777777778	7.26
109462	41.6273466666667	2.2502	7.6858	10.53
109657	41.62736	2.25020333333333	8.52948888888889	8.52
109853	41.6273766666667	2.25020666666667	9.85675555555556	3.31
110052	41.6273933333333	2.25020833333333	11.1583	1.69
110251	41.6274133333333	2.25020833333333	11.4669666666667	0.18
110455	41.627435	2.25021	11.8065	3.36
110655	41.627455	2.250215	12.1357444444444	40.46
110857	41.6274716666667	2.25023333333333	9.51722222222222	52.03
111058	41.6274833333333	2.25025166666667	7.28967777777778	81.15
111257	41.627485	2.25026833333333	4.91808888888889	155.72
111458	41.6274766666667	2.25027333333333	7.9636	-171.33
111656	41.6274633333333	2.25027	8.77642222222222	-171.34
111851	41.6274466666667	2.25026666666667	9.09023333333333	-169.9
112237	41.627415	2.25025666666667	9.08508888888889	-163.65
112439	41.6274	2.25025166666667	8.88445555555556	-166.46
112639	41.6273833333333	2.25024666666667	8.53977777777778	-168.61
112840	41.6273683333333	2.25024166666667	8.1951	-170.44
113040	41.627355	2.25023833333333	8.15908888888889	-170.3
113242	41.62734	2.250235	6.38425555555556	173.08
113440	41.6273283333333	2.25023666666667	7.91215555555556	171.32
113644	41.627315	2.25024	7.59834444444444	175.89
113845	41.6273	2.25024166666667	6.97072222222222	-178.8
114039	41.6272883333333	2.25024166666667	5.85437777777778	-171.32
114238	41.6272783333333	2.25023833333333	4.83063333333333	-155.68
114438	41.62727	2.250235	4.18243333333333	-132.17
114638	41.627265	2.25022666666667	3.85318888888889	-97.1
114844	41.6272633333333	2.25021833333333	4.57855555555556	-76.34
115038	41.6272666666667	2.25020666666667	5.60744444444444	-63
115238	41.62727	2.250195	6.55402222222222	-52.55
115440	41.6272783333333	2.25018333333333	7.82984444444445	-45.52
115639	41.6272866666667	2.25016833333333	11.6161555555556	-41.27
115839	41.6273033333333	2.25015	11.8167888888889	-40.91
116038	41.62732	2.25013166666667	11.2560444444444	-40.57
116241	41.627335	2.250115	10.9833888888889	-40.41
116442	41.62735	2.25009666666667	10.7004444444444	-37.75
116640	41.627365	2.25008166666667	10.5049555555556	-36.37
116838	41.62738	2.25006666666667	10.2528777777778	-34.32
117041	41.627395	2.25005333333333	9.91848888888889	-34.01
117242	41.62741	2.25004	9.69213333333333	-33.88
117443	41.627425	2.25002666666667	9.55837777777778	-33.44
117642	41.62744	2.25001333333333	9.46063333333333	-32.1
117841	41.6274533333333	2.25000166666667	9.54808888888889	-30.88
118036	41.6274683333333	2.24999	9.77444444444444	-29.12
118235	41.6274833333333	2.24997833333333	9.98022222222222	-28.92
118435	41.6275	2.24996666666667	10.0882555555556	-28.15
118634	41.627515	2.249955	10.3506222222222	-26.28
118834	41.6275316666667	2.249945	10.7724666666667	-22.92
119034	41.62755	2.249935	11.3023444444444	-19.21
119241	41.62757	2.249925	11.8579444444444	-15.45
119441	41.62759	2.24991833333333	12.7067777777778	-9.17000000000002
119641	41.6276133333333	2.24991333333333	13.2932444444444	-4.69999999999999
119842	41.6276366666667	2.24991	13.9671666666667	1.39
120038	41.6276616666667	2.24991	14.4764666666667	6.69
120238	41.6276883333333	2.24991166666667	15.1658222222222	11.33
120438	41.627715	2.24991833333333	15.3304444444444	15.71
120633	41.6277433333333	2.249925	15.4384777777778	20.3
120833	41.6277716666667	2.249935	15.4281888888889	25.73
121033	41.6277966666667	2.24994833333333	15.2224111111111	30.25
121233	41.6278216666667	2.249965	14.8468666666667	33.94
121434	41.6278466666667	2.24998166666667	14.8571555555556	36.34
121637	41.6278683333333	2.24999833333333	14.7336888888889	39.18
121837	41.62789	2.250015	14.6256555555556	42.15
122035	41.6279116666667	2.25003166666667	14.7902777777778	44.53
122234	41.6279333333333	2.25005	14.9188888888889	47.07
122437	41.6279516666667	2.25007166666667	14.7902777777778	54.51
122636	41.6279683333333	2.25009666666667	14.5073333333333	59.52
122835	41.6279816666667	2.25012166666667	14.0186111111111	64.28
123034	41.6279916666667	2.25015	13.5401777777778	71.71
123234	41.6279983333333	2.25018	13.2623777777778	81.56
123435	41.628	2.25020833333333	12.8971222222222	90.16
123635	41.6280016666667	2.250235	12.9074111111111	94.87
123836	41.6279983333333	2.25026166666667	12.8765444444444	98.94
124036	41.6279916666667	2.25028666666667	12.7067777777778	104.51
124234	41.6279866666667	2.25030833333333	12.4701333333333	110.36
124433	41.6279783333333	2.25033	12.0585777777778	115.89
124634	41.62797	2.25034833333333	11.7344777777778	121.3
124835	41.6279583333333	2.250365	11.4206666666667	126.88
125034	41.6279483333333	2.25038166666667	11.2611888888889	129.86
125235	41.6279383333333	2.25039833333333	11.0399777777778	130.87
125435	41.6279283333333	2.25041666666667	11.0091111111111	129.68
125634	41.6279183333333	2.250435	10.9165111111111	127.66
125834	41.62791	2.25045166666667	10.9062222222222	125.91
126034	41.6279016666667	2.25047166666667	10.9062222222222	124.11
126234	41.6278933333333	2.25049	11.0348333333333	123.06
126431	41.627885	2.25051	11.0194	122.33
126633	41.6278766666667	2.25052833333333	10.9988222222222	122.71
126834	41.62787	2.25054833333333	10.9731	124.06
127032	41.62786	2.25056833333333	10.9422333333333	125.44
127231	41.62785	2.25058666666667	10.8084777777778	127.82
127432	41.6278383333333	2.250605	10.6335666666667	130.67
127633	41.627825	2.25062166666667	10.6284222222222	133.97
127834	41.6278116666667	2.25063833333333	10.5924111111111	135.8
128034	41.6277983333333	2.25065333333333	10.5615444444444	135.61
128232	41.6277866666667	2.25067	10.3814888888889	134.92
128434	41.627775	2.250685	10.2837444444444	133.92
128633	41.6277633333333	2.25070166666667	10.3094666666667	134.31
128833	41.6277516666667	2.25071833333333	10.3043222222222	134.7
129031	41.62774	2.250735	10.1757111111111	135.17
129232	41.62773	2.25074833333333	10.1654222222222	135.72
129434	41.6277183333333	2.250765	10.0676777777778	134.57
129631	41.6277066666667	2.25078	10.0728222222222	133.25
129832	41.627695	2.25079666666667	9.99051111111111	134.17
130032	41.6276816666667	2.250815	9.96993333333333	136.89
130231	41.6276683333333	2.25083166666667	9.7693	141.38
130434	41.627655	2.250845	9.59953333333333	146.01
130631	41.6276416666667	2.25085833333333	9.41947777777778	150.45
130832	41.6276266666667	2.25087	9.26514444444445	154.38
131031	41.6276116666667	2.25088	9.10566666666667	156.88
131231	41.6275966666667	2.25088833333333	8.92046666666667	157.82
131433	41.6275816666667	2.25089666666667	8.83815555555556	158.32
131633	41.6275666666667	2.25090333333333	8.68382222222222	159.8
131831	41.6275516666667	2.25091166666667	8.64781111111111	161.68
132030	41.6275366666667	2.25091666666667	8.48833333333333	163.85
132230	41.6275216666667	2.25092333333333	8.46261111111111	166.19
132433	41.6275066666667	2.25092833333333	8.4266	169.88
132629	41.6274933333333	2.25093166666667	8.40087777777778	172.45
132830	41.6274783333333	2.250935	8.23111111111111	174.57
133030	41.6274633333333	2.25093666666667	8.02018888888889	174.78
133230	41.6274483333333	2.25093833333333	7.70637777777778	172.38
133429	41.627435	2.25094	7.53146666666667	167.57
133628	41.6274216666667	2.25094333333333	7.31025555555556	163.5
133829	41.6274083333333	2.25094833333333	7.12505555555556	160.76
134029	41.6273966666667	2.250955	6.88841111111111	162.13
134229	41.627385	2.25096	6.64147777777778	165.93
134429	41.6273733333333	2.25096333333333	6.3894	169.16
134629	41.6273616666667	2.25096666666667	6.03443333333333	169.73
134828	41.6273516666667	2.25097	5.61773333333333	168.06
135028	41.6273416666667	2.25097166666667	5.17016666666667	162.88
135228	41.6273316666667	2.250975	4.6763	154.68
135428	41.627325	2.25098	4.33162222222222	145.74
135628	41.6273183333333	2.25098666666667	4.04867777777778	136.32
135827	41.6273133333333	2.25099333333333	3.71943333333333	127.95
136026	41.6273083333333	2.251	3.32845555555556	120.15
136227	41.6273066666667	2.25100666666667	3.01978888888889	111.97
136426	41.6273033333333	2.25101333333333	2.66482222222222	105.94
136627	41.6273033333333	2.25102	1.87772222222222	86.44
136828	41.6273033333333	2.251025	1.67194444444444	73.59
137027	41.6273033333333	2.25102833333333	1.70795555555556	64.7
137227	41.627305	2.25103166666667	1.91887777777778	57.58
137428	41.6273066666667	2.25103666666667	2.10922222222222	50.91
137627	41.62731	2.25103833333333	2.13494444444444	44.76
137826	41.6273133333333	2.25104	2.11436666666667	40.01
138026	41.6273166666667	2.25104	2.22754444444444	36.72
138227	41.6273216666667	2.25104166666667	2.47962222222222	37.06
138426	41.627325	2.25104333333333	2.72655555555556	37.85
138626	41.62733	2.25104666666667	2.83458888888889	39.52
138827	41.6273333333333	2.25104833333333	2.80886666666667	35.17
139026	41.6273383333333	2.25105	2.6391	28.87
139226	41.6273416666667	2.25105	2.7317	23.3
139426	41.6273466666667	2.25105	2.77285555555556	22.54
139625	41.6273516666667	2.25105166666667	2.68025555555556	26.69
139825	41.627355	2.25105333333333	2.54135555555556	36.25
140025	41.6273583333333	2.25105666666667	2.19667777777778	44.33
140226	41.6273616666667	2.25106	1.76968888888889	52.8
140425	41.6273633333333	2.25106166666667	1.50217777777778	62.01
140627	41.6273666666667	2.25106333333333	1.34784444444444	64.71
140826	41.6273683333333	2.251065	1.49188888888889	67.95
141025	41.6273716666667	2.25106833333333	1.63078888888889	68.32
141225	41.6273733333333	2.25107	1.97032222222222	69.55
141425	41.6273766666667	2.25107333333333	2.21211111111111	70.17
141624	41.62738	2.25107666666667	2.24812222222222	71.19
141825	41.6273833333333	2.25108	2.60308888888889	75.89
142025	41.6273866666667	2.25108333333333	2.5928	78
142224	41.62739	2.25108666666667	2.55164444444444	79.86
142426	41.6273916666667	2.25109166666667	2.38702222222222	80.42
142624	41.6273933333333	2.251095	2.10407777777778	79.36
142823	41.627395	2.25109833333333	1.8057	79.58
143024	41.6273966666667	2.25110166666667	1.51761111111111	81.18
143224	41.6273983333333	2.251105	1.4353	81.2
143426	41.6274	2.25110833333333	1.4353	79.72
143623	41.6274016666667	2.25111166666667	1.40443333333333	74.34
143825	41.6274033333333	2.251115	1.40443333333333	67.63
144024	41.627405	2.25111833333333	1.5742	70.05
144223	41.6274066666667	2.25112166666667	1.6668	67.81
144425	41.6274083333333	2.25112333333333	1.68223333333333	60.4
144624	41.62741	2.25112666666667	1.93431111111111	58
144824	41.6274116666667	2.25113	1.96003333333333	53.73
145023	41.627415	2.25113333333333	2.18124444444444	54.49
145223	41.6274183333333	2.25113666666667	2.4539	54.26
145421	41.6274216666667	2.25114166666667	2.47962222222222	52.2
145621	41.627425	2.251145	2.48991111111111	48.65
145822	41.6274266666667	2.25114833333333	2.29442222222222	45.09
146021	41.62743	2.25115	2.18124444444444	42.44
146221	41.6274333333333	2.25115333333333	2.01147777777778	40.36
146423	41.6274366666667	2.25115666666667	1.99604444444444	39.48
146622	41.62744	2.25115833333333	1.88801111111111	40
146822	41.6274433333333	2.25116	1.88286666666667	38.85
147022	41.627445	2.25116166666667	1.74911111111111	36.12
147221	41.6274483333333	2.25116333333333	1.51761111111111	37.25
147421	41.6274516666667	2.251165	1.50732222222222	41.23
147621	41.6274533333333	2.25116666666667	1.42501111111111	43.99
147823	41.6274566666667	2.25116833333333	1.51761111111111	39.65
148021	41.6274583333333	2.25117166666667	1.42501111111111	36.19
148221	41.6274616666667	2.25117333333333	1.44044444444444	36.15
148422	41.6274633333333	2.251175	1.42501111111111	35.46
148619	41.6274666666667	2.25117833333333	1.44044444444444	37.47
148821	41.6274683333333	2.25118	1.41472222222222	31.97
149018	41.6274716666667	2.25118	1.2964	30.76
149218	41.6274733333333	2.25118166666667	1.26553333333333	35.71
149423	41.627475	2.25118333333333	0.998022222222222	32.63
149617	41.6274766666667	2.251185	0.982588888888889	33.84
149818	41.6274783333333	2.25118666666667	0.673922222222222	30.07
150017	41.62748	2.25118833333333	0.571033333333333	34.63
150219	41.62748	2.25118833333333	0.457855555555556	29.67
150419	41.62748	2.25118833333333	0.339533333333333	29.82
150620	41.62748	2.25118833333333	0.210922222222222	27.24
150820	41.62748	2.25118833333333	0.113177777777778	20.17
151021	41.6274816666667	2.25118666666667	0.0874555555555556	20.17
151219	41.6274816666667	2.25118666666667	0.0668777777777778	20.17
151422	41.6274833333333	2.25118666666667	0.0617333333333333	20.17
151621	41.6274833333333	2.25118666666667	0.0514444444444445	51.71
151821	41.6274833333333	2.25118666666667	0.0360111111111111	51.66
152018	41.627485	2.25118666666667	0.0257222222222222	51.6
152220	41.627485	2.25118666666667	0.0205777777777778	51.56
152421	41.627485	2.25118666666667	0.0102888888888889	51.52
152624	41.627485	2.25118666666667	0.0102888888888889	51.49
152818	41.6274833333333	2.25118666666667	0.0102888888888889	51.45
153017	41.6274833333333	2.25118666666667	0.0102888888888889	51.41
153219	41.6274833333333	2.25118666666667	0.0154333333333333	51.35
153421	41.6274833333333	2.25118666666667	0.00514444444444444	51.32
153619	41.6274833333333	2.25118666666667	0.0102888888888889	51.27
153819	41.6274833333333	2.25118666666667	0.00514444444444444	51.23
154017	41.6274833333333	2.25118666666667	0.00514444444444444	51.21
154218	41.6274833333333	2.25118666666667	0.00514444444444444	51.18
154418	41.6274833333333	2.25118666666667	0.00514444444444444	51.19
154616	41.6274833333333	2.25118666666667	0.0102888888888889	51.15
154817	41.6274833333333	2.25118666666667	0.0102888888888889	51.14
155017	41.6274833333333	2.25118666666667	0.00514444444444444	51.13
155216	41.6274833333333	2.25118666666667	0.00514444444444444	51.11
155416	41.6274833333333	2.25118666666667	0.00514444444444444	51.06
155616	41.6274833333333	2.25118666666667	0.00514444444444444	51.02
155816	41.6274833333333	2.25118666666667	0.0102888888888889	50.95
156018	41.6274833333333	2.25118666666667	0.0205777777777778	50.86
156217	41.6274833333333	2.25118666666667	0.0308666666666667	50.73
156417	41.6274833333333	2.25118666666667	0.0360111111111111	50.53
156621	41.6274833333333	2.25118666666667	0.0308666666666667	50.37
156816	41.627485	2.25118666666667	0.0257222222222222	50.22
157020	41.627485	2.25118666666667	0.0257222222222222	50.02
157219	41.627485	2.25118666666667	0.0205777777777778	49.87
157420	41.627485	2.25118666666667	0.0205777777777778	49.67
157617	41.627485	2.25118666666667	0.0205777777777778	49.46
157817	41.627485	2.25118666666667	0.0205777777777778	49.24
158017	41.627485	2.25118666666667	0.0205777777777778	48.98
158215	41.627485	2.25118666666667	0.0205777777777778	48.71
158416	41.627485	2.25118666666667	0.0205777777777778	48.41
158618	41.627485	2.25118666666667	0.0257222222222222	48.06
158816	41.627485	2.25118666666667	0.0257222222222222	47.65
159015	41.627485	2.25118666666667	0.0257222222222222	47.26
159216	41.627485	2.25118666666667	0.0205777777777778	46.93
159415	41.627485	2.25118666666667	0.0205777777777778	46.55
159616	41.627485	2.25118666666667	0.0205777777777778	46.19
159816	41.627485	2.25118666666667	0.0154333333333333	45.85
160014	41.627485	2.25118666666667	0.0102888888888889	45.61
160216	41.627485	2.25118666666667	0.0205777777777778	45.17
160415	41.627485	2.25118666666667	0.0205777777777778	44.72
160615	41.627485	2.25118666666667	0.0205777777777778	44.22
160815	41.627485	2.25118666666667	0.0205777777777778	43.74
161018	41.627485	2.25118666666667	0.0154333333333333	43.32
161219	41.627485	2.25118666666667	0.0154333333333333	42.95
161417	41.627485	2.25118666666667	0.0102888888888889	42.95
161617	41.627485	2.25118666666667	0.0102888888888889	42.95
161817	41.627485	2.25118666666667	0.0102888888888889	42.95
162017	41.627485	2.25118666666667	0.0102888888888889	42.95
162217	41.627485	2.25118666666667	0.0154333333333333	42.95
162417	41.627485	2.25118666666667	0.0154333333333333	42.95
162616	41.627485	2.25118666666667	0.0154333333333333	42.95
162817	41.627485	2.25118666666667	0.0102888888888889	42.95
163018	41.627485	2.25118666666667	0.00514444444444444	42.95
163217	41.627485	2.25118666666667	0.0102888888888889	42.95
163419	41.627485	2.25118666666667	0.00514444444444444	42.95
163616	41.627485	2.25118666666667	0.00514444444444444	42.95
163816	41.627485	2.25118666666667	0.00514444444444444	42.95
164016	41.627485	2.25118666666667	0.00514444444444444	42.95
164216	41.627485	2.25118666666667	0.00514444444444444	42.95
164419	41.627485	2.25118666666667	0.00514444444444444	42.95
164618	41.627485	2.25118666666667	0.00514444444444444	42.95
164816	41.627485	2.25118666666667	0.00514444444444444	42.95
